   54   15   43   71   25   86   24   52   10   56
   31   98   23   12   53   12   87   83   27   30
   18   86   28   72    7   61   77   44    8   43
   31   97   95   43   20   66   67   15   14   59
   33   74   24   52   61   59   51   23   18   88
   21   14   65   34   85   90   97    8   48   54
   20   50   19   11    8   60   36   67   98   19
   58   57   43   30   20   12   72   58   75   39
   12   47    2   22    0   22   27   88   83   63
   39   23   38   66   72   70   90   12   27   36
